
Graaf 1, tippe n=6
000001
000001
000001
000001
000001
111110

Graaf 2, tippe n=6
000011
000001
000001
000000
100001
111010

Graaf 3, tippe n=6
000011
000001
000001
000001
100000
111100

Graaf 4, tippe n=6
000010
000010
000001
000001
110001
001110

Graaf 5, tippe n=6
000011
000010
000001
000000
110001
101010

Graaf 6, tippe n=6
000011
000010
000001
000001
110000
101100

Graaf 7, tippe n=6
000011
000011
000000
000000
110001
110010

Graaf 8, tippe n=6
000011
000011
000001
000000
110000
111000

Graaf 9, tippe n=6
000101
000010
000001
100001
010000
101100

Graaf 10, tippe n=6
000101
000011
000000
100001
010000
110100

Graaf 11, tippe n=6
000101
000011
000001
100000
010000
111000

Graaf 12, tippe n=6
000100
000011
000011
100000
011000
011000

Graaf 13, tippe n=6
000101
000010
000010
100001
011000
100100

Graaf 14, tippe n=6
000101
000011
000010
100000
011000
110000

Graaf 15, tippe n=6
000110
000011
000000
100001
110000
010100
